1	-205.066
2049	-152.503
4097	-125.062
6145	-114.356
8193	-112.777
10241	-116.525
12289	-110.083
14337	-105.477
16385	-98.4961
18433	-101.513
20481	-100.382
22529	-107.548
24577	-100.144
26625	-104.742
28673	-107.255
30721	-103.481
32769	-104.743
34817	-108.866
36865	-96.2778
38913	-99.7567
40961	-101.142
43009	-91.9612
45057	-102.03
47105	-107.415
49153	-102.831
51201	-96.3696
53249	-98.6545
55297	-97.0507
57345	-87.5444
59393	-90.3839
61441	-96.8155
63489	-91.5245
65537	-83.9682
67585	-103.107
69633	-88.0271
71681	-90.8514
73729	-91.9059
75777	-99.669
77825	-103.606
79873	-91.5236
81921	-92.3208
83969	-100.253
86017	-95.4589
88065	-98.0569
90113	-90.2511
92161	-91.4837
94209	-82.7604
96257	-86.6667
98305	-90.2562
100353	-93.3915
102401	-98.3239
104449	-89.7454
106497	-100.227
108545	-99.3052
110593	-97.6478
112641	-92.1795
114689	-104.87
116737	-91.8696
118785	-88.715
120833	-109.533
122881	-97.8021
124929	-99.0374
126977	-99.3417
129025	-92.9504
131073	-93.6459
133121	-86.2084
135169	-86.6323
137217	-94.0399
139265	-90.161
141313	-86.4217
143361	-89.9503
145409	-96.8065
147457	-98.366
149505	-94.6663
151553	-93.3501
153601	-90.1164
155649	-91.1187
157697	-86.9998
159745	-86.7414
161793	-95.3336
163841	-100.904
165889	-98.821
167937	-89.4133
169985	-93.1689
172033	-95.3254
174081	-102.309
176129	-100.711
178177	-91.6907
180225	-96.3186
182273	-93.1879
184321	-96.3206
186369	-94.3401
188417	-95.5763
190465	-98.4713
192513	-93.114
194561	-100.344
196609	-99.61
198657	-101.7
200705	-94.8953
202753	-93.4784
204801	-102.817
206849	-84.3151
208897	-88.9425
210945	-98.5201
212993	-101.553
215041	-96.2653
217089	-88.6572
219137	-92.7295
221185	-89.6611
223233	-93.9968
225281	-98.3016
227329	-94.593
229377	-93.4326
231425	-92.3375
233473	-84.8798
235521	-91.0372
237569	-87.9745
239617	-94.6833
241665	-90.6138
243713	-82.0661
245761	-78.0836
247809	-78.1057
249857	-87.3425
251905	-78.22
253953	-90.3612
256001	-84.3244
258049	-89.467
260097	-78.4516
262145	-94.4325
264193	-81.9765
266241	-90.178
268289	-90.3704
270337	-86.7944
272385	-86.091
274433	-83.6297
276481	-100.649
278529	-91.0555
280577	-89.5656
282625	-95.3909
284673	-98.9459
286721	-85.568
288769	-89.5086
290817	-99.7582
292865	-98.1723
294913	-104.751
296961	-93.1458
299009	-94.1236
301057	-91.7721
303105	-86.9464
305153	-89.8652
307201	-95.7693
309249	-99.8817
311297	-92.6731
313345	-100.91
315393	-87.3427
317441	-104.168
319489	-89.2006
321537	-86.6356
323585	-83.6879
325633	-82.5405
327681	-83.9313
329729	-87.8552
331777	-87.6603
333825	-86.0681
335873	-92.6068
337921	-94.4577
339969	-84.1756
342017	-86.4933
344065	-103.24
346113	-95.4552
348161	-96.4182
350209	-87.2721
352257	-81.0053
354305	-85.6757
356353	-83.118
358401	-86.8015
360449	-86.1175
362497	-108.496
364545	-97.9594
366593	-93.4568
368641	-90.9203
370689	-91.1449
372737	-97.8292
374785	-93.2667
376833	-89.877
378881	-95.5026
380929	-90.8853
382977	-88.0383
385025	-97.5506
387073	-91.9695
389121	-88.0655
391169	-97.5481
393217	-97.7803
395265	-92.2822
397313	-81.5701
399361	-91.6758
401409	-90.091
403457	-90.6293
405505	-83.189
407553	-83.4225
409601	-95.5759
411649	-86.4949
413697	-83.1313
415745	-84.6973
417793	-86.0937
419841	-86.0659
421889	-93.4849
423937	-96.6736
425985	-88.4076
428033	-84.9087
430081	-82.8987
432129	-84.9432
434177	-89.9469
436225	-86.3741
438273	-82.2203
440321	-86.6743
442369	-94.8137
444417	-99.6137
446465	-95.3559
448513	-91.8272
450561	-98.6838
452609	-79.2634
454657	-86.3268
456705	-86.9205
458753	-77.4801
460801	-94.5018
462849	-88.6195
464897	-84.926
466945	-86.4228
468993	-88.3124
471041	-88.8856
473089	-80.8825
475137	-93.7048
477185	-90.9716
479233	-86.4557
481281	-78.6285
483329	-91.405
485377	-83.3962
487425	-81.0479
489473	-86.871
491521	-86.2698
493569	-88.401
495617	-94.59
497665	-101.442
499713	-94.1168
501761	-100.734
503809	-109.766
505857	-94.3322
507905	-85.0389
509953	-95.266
512001	-83.0069
514049	-95.0807
516097	-82.1386
518145	-86.5908
520193	-90.3143
522241	-82.3737
524289	-97.3272
526337	-96.3057
528385	-80.5093
530433	-87.2991
532481	-81.9589
534529	-89.7632
536577	-89.2506
538625	-87.5799
540673	-86.8676
542721	-88.2277
544769	-96.0062
546817	-92.9654
548865	-89.2772
550913	-91.1249
552961	-87.5806
555009	-86.5695
557057	-86.3968
559105	-87.8757
561153	-79.7107
563201	-92.7682
565249	-94.5139
567297	-95.8241
569345	-95.0219
571393	-93.2047
573441	-81.9645
575489	-86.9502
577537	-91.7204
579585	-93.0996
581633	-90.8258
583681	-90.5817
585729	-88.2361
587777	-97.7837
589825	-97.5828
591873	-85.1587
593921	-87.0043
595969	-87.886
598017	-91.7819
600065	-87.952
602113	-91.8695
604161	-80.2842
606209	-88.8339
608257	-87.8799
610305	-94.6735
612353	-91.1379
614401	-91.2157
616449	-82.9824
618497	-96.7006
620545	-90.1942
622593	-87.7344
624641	-89.8432
626689	-85.5842
628737	-87.0114
630785	-97.7846
632833	-91.4471
634881	-107.987
636929	-88.1255
638977	-89.4814
641025	-98.547
643073	-96.763
645121	-91.73
647169	-98.2138
649217	-96.5979
651265	-96.257
653313	-91.9209
655361	-91.7787
657409	-90.7197
659457	-99.8178
661505	-96.8784
663553	-84.4321
665601	-82.5749
667649	-90.5182
669697	-91.7844
671745	-90.8941
673793	-97.0521
675841	-90.7419
677889	-95.3987
679937	-95.1153
681985	-86.6734
684033	-88.2904
686081	-84.003
688129	-94.6892
690177	-91.5339
692225	-91.6437
694273	-91.6472
696321	-87.1616
698369	-86.8084
700417	-96.5706
702465	-86.0369
704513	-88.5617
706561	-94.3912
708609	-96.7906
710657	-92.0846
712705	-85.8726
714753	-86.4009
716801	-95.0521
718849	-79.0248
720897	-85.9204
722945	-86.7411
724993	-99.4706
727041	-82.4228
729089	-86.2181
731137	-89.4484
733185	-88.4704
735233	-93.0638
737281	-112.113
739329	-90.57
741377	-82.8484
743425	-94.6749
745473	-90.095
747521	-101.233
749569	-88.7287
751617	-96.8761
753665	-84.5007
755713	-90.4719
757761	-96.7731
759809	-86.2375
761857	-93.9535
763905	-100.04
765953	-89.0669
768001	-85.9992
770049	-82.1953
772097	-85.3304
774145	-85.1844
776193	-81.3642
778241	-99.8136
780289	-105.678
782337	-93.5977
784385	-93.389
786433	-85.3073
788481	-92.308
790529	-90.7615
792577	-90.6743
794625	-95.0638
796673	-87.4527
798721	-91.2572
800769	-93.2731
802817	-90.9206
804865	-86.3323
806913	-88.9015
808961	-87.8054
811009	-85.8434
813057	-95.1415
815105	-91.4881
817153	-89.0255
819201	-91.9446
821249	-85.3227
823297	-83.0735
825345	-85.0855
827393	-87.073
829441	-82.5691
831489	-87.7055
833537	-91.5566
835585	-91.3563
837633	-92.1865
839681	-96.0482
841729	-81.9207
843777	-87.083
845825	-95.927
847873	-79.0407
849921	-88.1896
851969	-111.121
854017	-92.756
856065	-85.6066
858113	-97.5995
860161	-89.3351
862209	-88.1303
864257	-87.9004
866305	-107.725
868353	-91.6763
870401	-97.4237
872449	-90.2491
874497	-89.2907
876545	-97.7029
878593	-88.8048
880641	-89.3826
882689	-89.6821
884737	-82.9403
886785	-93.4903
888833	-91.3707
890881	-92.4543
892929	-89.9003
894977	-88.4844
897025	-96.1062
899073	-91.2157
901121	-86.3424
903169	-97.8481
905217	-89.9514
907265	-87.5533
909313	-87.1755
911361	-92.809
913409	-82.6026
915457	-106.333
917505	-97.4402
919553	-90.281
921601	-91.4829
923649	-86.8698
925697	-102.081
927745	-98.676
929793	-88.8835
931841	-100.499
933889	-91.807
935937	-91.704
937985	-102.145
940033	-101.119
942081	-88.9271
944129	-102.426
946177	-89.3602
948225	-100.005
950273	-88.7084
952321	-85.6025
954369	-86.0819
956417	-85.001
958465	-92.4299
960513	-86.1004
962561	-93.0263
964609	-93.503
966657	-84.9083
968705	-86.4665
970753	-87.0246
972801	-84.2636
974849	-97.759
976897	-87.0318
978945	-97.4561
980993	-98.6144
983041	-84.6275
985089	-94.3978
987137	-93.4654
989185	-98.6441
991233	-93.0148
993281	-95.2624
995329	-88.5111
997377	-87.5913
999425	-92.9124
1001473	-87.2724
1003521	-86.819
1005569	-87.5283
1007617	-86.9312
1009665	-84.9374
1011713	-87.1764
1013761	-98.1365
1015809	-84.458
1017857	-90.576
1019905	-76.4182
1021953	-99.0201
1024001	-95.9201
1026049	-92.3333
1028097	-90.6235
1030145	-97.3949
1032193	-87.5968
1034241	-84.9442
1036289	-88.8116
1038337	-92.7017
1040385	-85.8283
1042433	-88.9389
1044481	-87.7727
1046529	-85.4481
1048577	-90.5655
1050625	-95.6064
1052673	-85.8768
1054721	-90.4634
1056769	-93.9286
1058817	-93.1196
1060865	-96.0447
1062913	-92.7081
1064961	-83.4091
1067009	-85.0387
1069057	-99.6334
1071105	-89.7838
1073153	-94.9407
1075201	-95.5262
1077249	-94.1666
1079297	-98.9687
1081345	-93.6195
1083393	-87.8027
1085441	-95.7431
1087489	-93.3405
1089537	-96.7284
1091585	-105.522
1093633	-87.1426
1095681	-97.5074
1097729	-94.5747
1099777	-94.5154
1101825	-97.7658
1103873	-93.6379
1105921	-90.1407
1107969	-94.7325
1110017	-81.9071
1112065	-91.8568
1114113	-95.2577
1116161	-92.1985
1118209	-104.814
1120257	-90.2948
1122305	-97.1871
1124353	-85.2135
1126401	-95.6325
1128449	-100.542
1130497	-91.2053
1132545	-96.7545
1134593	-114.081
1136641	-110.113
1138689	-91.7837
1140737	-95.6818
1142785	-94.899
1144833	-95.8974
1146881	-86.8028
1148929	-99.9924
1150977	-86.8131
1153025	-86.4979
1155073	-87.5243
1157121	-93.288
1159169	-82.959
1161217	-88.4165
1163265	-91.0652
1165313	-91.2637
1167361	-95.6968
1169409	-94.5499
1171457	-88.2479
1173505	-93.5454
1175553	-89.1752
1177601	-90.9728
1179649	-86.7127
1181697	-89.2951
1183745	-93.0437
1185793	-95.8845
1187841	-82.855
1189889	-95.2739
1191937	-92.9269
1193985	-90.7232
1196033	-84.1225
1198081	-103.927
1200129	-97.2535
1202177	-81.576
1204225	-93.2648
1206273	-94.8942
1208321	-92.2666
1210369	-93.2816
1212417	-90.1257
1214465	-88.0896
1216513	-96.8756
1218561	-103.912
1220609	-95.921
1222657	-94.9699
1224705	-91.7043
1226753	-95.2329
1228801	-94.1559
1230849	-83.6081
1232897	-102.294
1234945	-91.9966
1236993	-105.006
1239041	-99.1568
1241089	-99.7086
1243137	-96.7315
1245185	-95.2778
1247233	-95.8992
1249281	-102.659
1251329	-100.64
1253377	-105.988
1255425	-104
1257473	-97.5321
1259521	-101.598
1261569	-111.877
1263617	-110.239
1265665	-108.901
1267713	-111.873
1269761	-111.87
1271809	-106.225
1273857	-101.49
1275905	-104.614
1277953	-100.708
1280001	-94.5424
1282049	-97.0687
1284097	-103.923
1286145	-100.74
1288193	-93.5708
1290241	-101.958
1292289	-98.3081
1294337	-109.65
1296385	-100.577
1298433	-98.0271
1300481	-94.7914
1302529	-97.5731
1304577	-94.4733
1306625	-101.085
1308673	-98.6784
1310721	-100.267
1312769	-107.446
1314817	-96.0087
1316865	-97.8774
1318913	-97.6488
1320961	-98.1896
1323009	-103.017
1325057	-102.618
1327105	-118.325
1329153	-101.637
1331201	-110.327
1333249	-108.727
1335297	-98.4791
1337345	-100.9
1339393	-97.86
1341441	-94.4625
1343489	-108.736
1345537	-103.681
1347585	-101.124
1349633	-105.941
1351681	-105.135
1353729	-101.263
1355777	-104.262
1357825	-102.229
1359873	-102.414
1361921	-99.0723
1363969	-99.1618
1366017	-98.4069
1368065	-93.487
1370113	-102.295
1372161	-100.529
1374209	-99.7766
1376257	-104.44
1378305	-110.131
1380353	-103.108
1382401	-103.322
1384449	-103.483
1386497	-113.114
1388545	-98.9483
1390593	-104.925
1392641	-95.4453
1394689	-99.7479
1396737	-100.494
1398785	-106.451
1400833	-106.417
1402881	-103.652
1404929	-96.0379
1406977	-98.5501
1409025	-92.2077
1411073	-99.6744
1413121	-91.9348
1415169	-103.013
1417217	-99.9818
1419265	-94.9996
1421313	-101.833
1423361	-102.722
1425409	-97.3568
1427457	-94.7733
1429505	-95.5547
1431553	-96.4396
1433601	-94.9088
1435649	-97.409
1437697	-103.961
1439745	-98.8493
1441793	-89.0117
1443841	-102.204
1445889	-89.79
1447937	-91.3891
1449985	-92.6287
1452033	-99.0368
1454081	-102.243
1456129	-105.904
1458177	-92.4892
1460225	-94.7649
1462273	-103.862
1464321	-100.528
1466369	-96.1985
1468417	-96.1771
1470465	-93.9754
1472513	-104.577
1474561	-98.3379
1476609	-102.266
1478657	-102.354
1480705	-96.3926
1482753	-94.5081
1484801	-100.687
1486849	-95.7996
1488897	-96.5267
1490945	-100.219
1492993	-94.1242
1495041	-101.141
1497089	-97.2287
1499137	-98.2746
1501185	-99.8602
1503233	-97.1495
1505281	-108.719
1507329	-91.5875
1509377	-96.9923
1511425	-96.0042
1513473	-103.411
1515521	-109.93
1517569	-97.0609
1519617	-102.368
1521665	-94.7867
1523713	-98.6111
1525761	-92.0956
1527809	-96.9423
1529857	-98.644
1531905	-101.084
1533953	-98.7353
1536001	-103.001
1538049	-107.886
1540097	-100.953
1542145	-100.959
1544193	-92.1742
1546241	-96.3067
1548289	-96.106
1550337	-101.646
1552385	-97.7544
1554433	-101.372
1556481	-95.7657
1558529	-89.2633
1560577	-103.679
1562625	-93.3871
1564673	-105.073
1566721	-98.6608
1568769	-102.037
1570817	-89.1947
1572865	-99.0182
1574913	-101.636
1576961	-108.539
1579009	-110.357
1581057	-99.234
1583105	-101.322
1585153	-94.398
1587201	-88.7843
1589249	-109.426
1591297	-102.472
1593345	-108.586
1595393	-104.093
1597441	-92.1174
1599489	-110.242
1601537	-112.472
1603585	-103.777
1605633	-104.127
1607681	-107.595
1609729	-101.945
1611777	-96.1037
1613825	-105.603
1615873	-103.464
1617921	-95.9217
1619969	-103.391
1622017	-103.908
1624065	-108.78
1626113	-89.5906
1628161	-93.846
1630209	-97.2138
1632257	-99.8437
1634305	-105.452
1636353	-103.534
1638401	-106.329
1640449	-111.44
1642497	-92.1725
1644545	-103.405
1646593	-116.562
1648641	-112.354
1650689	-104.616
1652737	-113.9
1654785	-101.698
1656833	-107.79
1658881	-100.199
1660929	-101.158
1662977	-110.365
1665025	-104.186
1667073	-99.7096
1669121	-95.1395
1671169	-102.659
1673217	-95.6018
1675265	-101.259
1677313	-96.931
1679361	-109.594
1681409	-103.7
1683457	-93.7766
1685505	-101.293
1687553	-99.5891
1689601	-97.6346
1691649	-98.7147
1693697	-102.759
1695745	-103.379
1697793	-101.6
1699841	-106.613
1701889	-101.14
1703937	-103.237
1705985	-109.114
1708033	-104.878
1710081	-111.207
1712129	-97.6133
1714177	-113.293
1716225	-99.2208
1718273	-94.5443
1720321	-96.8417
1722369	-95.8782
1724417	-105.585
1726465	-95.5155
1728513	-99.6442
1730561	-95.91
1732609	-101.595
1734657	-99.4675
1736705	-96.9629
1738753	-100.38
1740801	-94.0404
1742849	-96.1114
1744897	-104.709
1746945	-99.4611
1748993	-110.403
1751041	-110.723
1753089	-103.557
1755137	-107.644
1757185	-104.562
1759233	-91.0361
1761281	-95.0059
1763329	-108.497
1765377	-106.918
1767425	-107.599
1769473	-94.3325
1771521	-98.4892
1773569	-104.459
1775617	-109.109
1777665	-102.476
1779713	-100.398
1781761	-94.7701
1783809	-110.602
1785857	-106.587
1787905	-104.099
1789953	-92.9268
1792001	-91.2163
1794049	-94.9795
1796097	-92.2875
1798145	-89.8713
1800193	-102.112
1802241	-94.5399
1804289	-95.5207
1806337	-101.658
1808385	-97.2017
1810433	-99.8325
1812481	-115.699
1814529	-106.419
1816577	-100.572
1818625	-100.606
1820673	-94.6799
1822721	-96.7309
1824769	-104.138
1826817	-91.2635
1828865	-102.285
1830913	-110.401
1832961	-101.503
1835009	-101.355
1837057	-105.664
1839105	-106.907
1841153	-96.7927
1843201	-103.784
1845249	-101.955
1847297	-108.513
1849345	-99.988
1851393	-109.046
1853441	-94.6662
1855489	-95.1148
1857537	-94.2025
1859585	-98.6405
1861633	-97.0207
1863681	-91.5515
1865729	-94.861
1867777	-83.6779
1869825	-91.3906
1871873	-92.3555
1873921	-91.9655
1875969	-85.6614
1878017	-85.8668
1880065	-90.8633
1882113	-81.8098
1884161	-88.0198
1886209	-84.9127
1888257	-86.6562
1890305	-85.7457
1892353	-89.299
1894401	-88.2126
1896449	-91.9303
1898497	-89.9782
1900545	-87.3213
1902593	-82.481
1904641	-99.2334
1906689	-90.8864
1908737	-84.9286
1910785	-100.094
1912833	-88.9552
1914881	-94.9305
1916929	-85.1748
1918977	-88.8346
1921025	-89.5245
1923073	-85.0748
1925121	-92.1565
1927169	-102.258
1929217	-92.3836
1931265	-80.9316
1933313	-84.3424
1935361	-94.8677
1937409	-88.7741
1939457	-84.1258
1941505	-92.4134
1943553	-94.5451
1945601	-86.9591
1947649	-88.4609
1949697	-93.093
1951745	-84.7491
1953793	-93.1618
1955841	-95.0805
1957889	-99.8504
1959937	-100.689
1961985	-90.5078
1964033	-95.5827
1966081	-90.3503
1968129	-105.332
1970177	-97.829
1972225	-97.4776
1974273	-89.8921
1976321	-82.7975
1978369	-82.2196
1980417	-95.7053
1982465	-88.4002
1984513	-96.9499
1986561	-80.7428
1988609	-85.4596
1990657	-75.5046
1992705	-91.6779
1994753	-85.4947
1996801	-88.5613
1998849	-90.6134
2000897	-91.7319
2002945	-80.3299
2004993	-91.1335
2007041	-89.9117
2009089	-80.7692
2011137	-83.7661
2013185	-94.7561
2015233	-95.2973
2017281	-87.7565
2019329	-91.9734
2021377	-82.6302
2023425	-90.5632
2025473	-95.8043
2027521	-100.95
2029569	-101.076
2031617	-92.2553
2033665	-107.443
2035713	-94.4604
2037761	-82.7759
2039809	-102.35
2041857	-99.5907
2043905	-81.4902
2045953	-95.8929
2048001	-92.1304
2050049	-93.6664
2052097	-92.357
2054145	-101.911
2056193	-91.7651
2058241	-87.4012
2060289	-95.6284
2062337	-90.1872
2064385	-92.0972
2066433	-86.907
2068481	-92.1543
2070529	-97.1695
2072577	-98.253
2074625	-101.268
2076673	-83.6784
2078721	-99.0505
2080769	-88.6191
2082817	-89.6254
2084865	-91.7804
2086913	-84.5565
2088961	-92.0788
2091009	-93.656
2093057	-96.8319
2095105	-92.1392
2097153	-92.8611
2099201	-93.3625
2101249	-84.7239
2103297	-98.555
2105345	-80.2113
2107393	-87.0698
2109441	-98.5656
2111489	-83.9507
2113537	-87.9174
2115585	-81.1476
2117633	-91.2042
2119681	-100.167
2121729	-82.7686
2123777	-79.883
2125825	-85.4471
2127873	-95.8461
2129921	-92.1623
2131969	-81.6955
2134017	-89.9526
2136065	-83.7145
2138113	-86.5629
2140161	-86.8173
2142209	-84.599
2144257	-95.5998
2146305	-82.1286
2148353	-81.7828
2150401	-85.2901
2152449	-87.3707
2154497	-82.6124
2156545	-85.6559
2158593	-88.7141
2160641	-86.8134
2162689	-85.3493
2164737	-102.063
2166785	-84.8368
2168833	-85.8105
2170881	-90.91
2172929	-94.1969
2174977	-84.0647
2177025	-94.8871
2179073	-79.0046
2181121	-93.9372
2183169	-86.0863
2185217	-87.9606
2187265	-90.437
2189313	-92.5582
2191361	-98.7051
2193409	-81.4208
2195457	-94.6758
2197505	-95.3697
2199553	-94.9372
2201601	-87.3033
2203649	-91.708
2205697	-89.9078
2207745	-87.6702
2209793	-93.747
2211841	-91.428
2213889	-96.3132
2215937	-87.5137
2217985	-93.8674
2220033	-96.7662
2222081	-86.6393
2224129	-89.8675
2226177	-89.4933
2228225	-85.1664
2230273	-81.0667
2232321	-92.4297
2234369	-96.1766
2236417	-98.415
2238465	-92.1206
2240513	-88.4105
2242561	-83.9805
2244609	-84.9039
2246657	-78.8183
2248705	-78.5555
2250753	-89.4317
2252801	-95.585
2254849	-91.4936
2256897	-92.6111
2258945	-93.5677
2260993	-88.078
2263041	-99.7772
2265089	-100.6
2267137	-87.4227
2269185	-93.321
2271233	-91.8249
2273281	-88.5363
2275329	-91.0846
2277377	-85.8731
2279425	-82.757
2281473	-87.7487
2283521	-91.3132
2285569	-88.5388
2287617	-90.698
2289665	-95.3358
2291713	-96.2633
2293761	-83.7324
2295809	-87.3645
2297857	-88.8791
2299905	-86.0631
2301953	-86.1518
2304001	-93.1719
2306049	-87.1115
2308097	-81.5215
2310145	-89.8183
2312193	-86.0494
2314241	-84.9385
2316289	-92.5029
2318337	-90.2071
2320385	-87.1905
2322433	-90.0017
2324481	-86.9867
2326529	-88.5492
2328577	-92.1669
2330625	-81.8431
2332673	-83.4246
2334721	-89.3183
2336769	-92.2459
2338817	-90.0731
2340865	-82.7268
2342913	-89.5193
2344961	-92.2437
2347009	-91.9658
2349057	-85.2824
2351105	-93.7823
2353153	-93.3227
2355201	-96.1336
2357249	-87.9619
2359297	-97.9734
2361345	-83.2643
2363393	-95.9487
2365441	-86.6439
2367489	-91.1437
2369537	-93.8218
2371585	-93.2754
2373633	-91.2144
2375681	-85.8471
2377729	-100.328
2379777	-91.6891
2381825	-91.1405
2383873	-81.9569
2385921	-91.9639
2387969	-81.5987
2390017	-84.4603
2392065	-78.5043
2394113	-87.6886
2396161	-89.2119
2398209	-84.2016
2400257	-91.4308
2402305	-90.3538
2404353	-91.2727
2406401	-79.5832
2408449	-81.4134
2410497	-84.4706
2412545	-84.9301
2414593	-77.6616
2416641	-88.2329
2418689	-95.004
2420737	-88.8117
2422785	-93.8909
2424833	-92.4078
2426881	-92.2998
2428929	-92.4391
2430977	-80.4437
2433025	-88.6441
2435073	-89.3104
2437121	-81.4255
2439169	-82.2437
2441217	-89.0298
2443265	-94.639
2445313	-89.572
2447361	-82.8276
2449409	-97.873
2451457	-89.8253
2453505	-95.1237
2455553	-92.8886
2457601	-91.3881
2459649	-98.0161
2461697	-97.9901
2463745	-103.868
2465793	-85.4752
2467841	-89.769
2469889	-91.7615
2471937	-85.7973
2473985	-86.3814
2476033	-87.0973
2478081	-88.1012
2480129	-93.4868
2482177	-84.8891
2484225	-87.8482
2486273	-90.4111
2488321	-80.5908
2490369	-86.7181
2492417	-88.9374
2494465	-84.3049
2496513	-90.6724
2498561	-87.5018
2500609	-84.3937
2502657	-93.3358
2504705	-85.2154
2506753	-93.962
2508801	-95.6117
2510849	-100.591
2512897	-90.1224
2514945	-86.8652
2516993	-100.891
2519041	-87.1962
2521089	-90.3525
2523137	-88.8791
2525185	-92.5433
2527233	-96.1912
2529281	-85.1951
2531329	-82.7112
2533377	-93.5212
2535425	-89.1573
2537473	-84.7531
2539521	-88.2361
2541569	-85.8141
2543617	-88.0284
2545665	-86.8856
2547713	-96.3032
2549761	-87.2429
2551809	-88.2778
2553857	-100.113
2555905	-86.8446
2557953	-80.7192
2560001	-81.3165
2562049	-89.2133
2564097	-84.5101
2566145	-85.9612
2568193	-90.4268
2570241	-83.151
2572289	-90.2653
2574337	-86.2589
2576385	-86.1759
2578433	-85.3879
2580481	-83.1197
2582529	-87.8175
2584577	-99.8558
2586625	-90.5651
2588673	-81.3203
2590721	-92.8907
2592769	-96.0597
2594817	-93.3146
2596865	-96.7939
2598913	-88.5994
2600961	-91.9001
2603009	-81.0197
2605057	-100.015
2607105	-94.5948
2609153	-88.7388
2611201	-91.1683
2613249	-101.651
2615297	-90.916
2617345	-97.2516
2619393	-93.4872
2621441	-94.0399
2623489	-91.2171
2625537	-92.4252
2627585	-80.5702
2629633	-86.0226
2631681	-87.6676
2633729	-89.445
2635777	-89.2775
2637825	-85.4575
2639873	-93.7528
2641921	-88.8514
2643969	-84.695
2646017	-81.6697
2648065	-83.2766
2650113	-87.3715
2652161	-90.4666
2654209	-85.5249
2656257	-94.4651
2658305	-88.4389
2660353	-95.4851
2662401	-87.2634
2664449	-90.6145
2666497	-81.2933
2668545	-91.6673
2670593	-91.1936
2672641	-100.164
2674689	-96.0818
2676737	-82.6054
2678785	-80.1545
2680833	-86.6364
2682881	-86.6102
2684929	-92.2308
2686977	-95.7268
2689025	-84.6001
2691073	-93.5713
2693121	-88.1126
2695169	-90.9139
2697217	-87.34
2699265	-104.49
2701313	-94.9606
2703361	-85.3998
2705409	-90.0202
2707457	-100.641
2709505	-91.5372
2711553	-106.078
2713601	-102.607
2715649	-89.5175
2717697	-98.8305
2719745	-97.0752
2721793	-93.2098
2723841	-92.2
2725889	-84.323
2727937	-91.9099
2729985	-80.6262
2732033	-88.7401
2734081	-83.7137
2736129	-91.2011
2738177	-102.58
2740225	-92.4285
2742273	-86.7189
2744321	-84.3537
2746369	-91.0789
2748417	-87.0943
2750465	-90.7268
2752513	-94.2693
2754561	-91.2619
2756609	-97.9102
2758657	-99.0326
2760705	-96.1738
2762753	-94.0381
2764801	-103.221
2766849	-109.355
2768897	-100.352
2770945	-98.3317
2772993	-98.8351
2775041	-94.995
2777089	-86.053
2779137	-84.8687
2781185	-85.5616
2783233	-96.1409
2785281	-85.258
2787329	-94.9406
2789377	-83.0887
2791425	-91.757
2793473	-89.3802
2795521	-94.2267
2797569	-82.8271
2799617	-79.7831
2801665	-83.3597
2803713	-84.5437
2805761	-83.7891
2807809	-95.122
2809857	-95.7115
2811905	-84.7778
2813953	-89.5759
2816001	-99.5862
2818049	-97.1141
2820097	-85.902
2822145	-92.3533
2824193	-94.6006
2826241	-89.8152
2828289	-89.8925
2830337	-86.985
2832385	-87.0446
2834433	-99.0881
2836481	-107.572
2838529	-96.7762
2840577	-100.28
2842625	-102.576
2844673	-97.5554
2846721	-96.7777
2848769	-94.5732
2850817	-95.4693
2852865	-97.0379
2854913	-102.005
2856961	-98.3377
2859009	-96.6414
2861057	-90.9131
2863105	-100.915
2865153	-91.5404
2867201	-93.7043
2869249	-101.521
2871297	-88.0853
2873345	-79.375
2875393	-81.4614
2877441	-96.7884
2879489	-85.4241
2881537	-98.6383
2883585	-86.9968
2885633	-100.218
2887681	-90.3217
2889729	-83.2094
2891777	-94.065
2893825	-92.6055
2895873	-91.3567
2897921	-85.5084
2899969	-84.3937
2902017	-90.3842
2904065	-81.8359
2906113	-90.5782
2908161	-92.347
2910209	-89.742
2912257	-85.5944
2914305	-97.794
2916353	-76.6171
2918401	-95.9298
2920449	-93.4959
2922497	-99.8989
2924545	-90.9096
2926593	-93.076
2928641	-93.5123
2930689	-86.3185
2932737	-96.6716
2934785	-93.7234
2936833	-93.4377
2938881	-88.0953
2940929	-98.0592
2942977	-101.07
2945025	-86.8552
2947073	-105.351
2949121	-109.915
2951169	-104.241
2953217	-85.6943
2955265	-91.2798
2957313	-96.1503
2959361	-90.1752
2961409	-86.2782
2963457	-88.1039
2965505	-91.0086
2967553	-91.1184
2969601	-91.6503
2971649	-86.1555
2973697	-91.1924
2975745	-91.218
2977793	-94.6577
2979841	-94.7058
2981889	-92.3702
2983937	-93.6224
2985985	-100.57
2988033	-101.177
2990081	-91.2631
2992129	-91.3277
2994177	-90.9782
2996225	-93.0423
2998273	-108.713
3000321	-99.2257
3002369	-89.5599
3004417	-89.5822
3006465	-91.4172
3008513	-92.5975
3010561	-90.2708
3012609	-85.3252
3014657	-94.433
3016705	-84.5351
3018753	-89.0809
3020801	-83.3981
3022849	-95.3898
3024897	-94.0737
3026945	-82.471
3028993	-85.1051
3031041	-87.6108
3033089	-87.3822
3035137	-85.5155
3037185	-95.9353
3039233	-87.7326
3041281	-92.239
3043329	-91.6106
3045377	-94.305
3047425	-108.61
3049473	-95.1392
3051521	-87.8009
3053569	-98.7871
3055617	-86.3179
3057665	-86.6294
3059713	-92.8783
3061761	-87.0615
3063809	-91.9222
3065857	-90.5753
3067905	-93.3749
3069953	-94.0397
3072001	-96.4112
3074049	-92.5373
3076097	-100.718
3078145	-92.6425
3080193	-89.9219
3082241	-94.6315
3084289	-91.1604
3086337	-94.7095
3088385	-85.3083
3090433	-93.5469
3092481	-94.4767
3094529	-100.414
3096577	-97.8486
3098625	-86.3482
3100673	-95.4793
3102721	-83.4406
3104769	-101.568
3106817	-98.4274
3108865	-92.3456
3110913	-100.848
3112961	-99.5849
3115009	-95.0635
3117057	-87.3831
3119105	-88.0473
3121153	-102.801
3123201	-97.0705
3125249	-92.4835
3127297	-88.545
3129345	-99.1572
3131393	-83.569
3133441	-94.3045
3135489	-98.5545
3137537	-94.3374
3139585	-87.3807
3141633	-94.4912
3143681	-94.5807
3145729	-84.6041
3147777	-84.4607
3149825	-92.6853
3151873	-91.4472
3153921	-88.3886
3155969	-85.2612
3158017	-99.6336
3160065	-103.386
3162113	-93.891
3164161	-94.8143
3166209	-88.9918
3168257	-88.4138
3170305	-101.166
3172353	-84.9217
3174401	-90.5999
3176449	-87.7212
3178497	-90.9442
3180545	-83.6038
3182593	-88.8789
3184641	-89.3322
3186689	-89.8176
3188737	-82.3323
3190785	-82.3468
3192833	-95.0391
3194881	-97.7819
3196929	-86.7741
3198977	-85.1605
3201025	-99.5794
3203073	-89.687
3205121	-85.8249
3207169	-84.909
3209217	-86.2138
3211265	-89.2695
3213313	-93.2018
3215361	-92.6956
3217409	-90.8373
3219457	-83.6651
3221505	-82.011
3223553	-84.1907
3225601	-83.9817
3227649	-94.9593
3229697	-90.5279
3231745	-82.794
3233793	-93.2657
3235841	-90.5633
3237889	-91.6629
3239937	-93.691
3241985	-91.5025
3244033	-80.5883
3246081	-84.5282
3248129	-83.4254
3250177	-90.318
3252225	-81.6762
3254273	-85.1525
3256321	-84.9811
3258369	-94.2832
3260417	-97.1347
3262465	-86.3346
3264513	-91.7111
3266561	-95.783
3268609	-81.4014
3270657	-83.3179
3272705	-86.8799
3274753	-99.4354
3276801	-98.4465
3278849	-91.1926
3280897	-84.6781
3282945	-88.2129
3284993	-89.9244
3287041	-90.8078
3289089	-86.0254
3291137	-89.5639
3293185	-87.0514
3295233	-84.2183
3297281	-86.7241
3299329	-89.3675
3301377	-81.3508
3303425	-88.0479
3305473	-96.0147
3307521	-90.4936
3309569	-85.6496
3311617	-106.049
3313665	-105.985
3315713	-93.8829
3317761	-99.9206
3319809	-92.9421
3321857	-101.939
3323905	-94.8477
3325953	-106.758
3328001	-95.5743
3330049	-94.5791
3332097	-89.021
3334145	-95.7742
3336193	-108.23
3338241	-98.4651
3340289	-105.007
3342337	-94.3291
3344385	-100.451
3346433	-93.0329
3348481	-104.344
3350529	-100.896
3352577	-93.8784
3354625	-98.9681
3356673	-107.601
3358721	-108.105
3360769	-101.879
3362817	-103.341
3364865	-96.6823
3366913	-93.2169
3368961	-99.5931
3371009	-102.942
3373057	-97.7815
3375105	-98.3482
3377153	-99.5217
3379201	-96.864
3381249	-91.3017
3383297	-87.7316
3385345	-108.942
3387393	-99.4011
3389441	-92.3145
3391489	-98.3877
3393537	-95.7842
3395585	-91.1675
3397633	-92.9552
3399681	-101.692
3401729	-102.23
3403777	-96.9678
3405825	-102.877
3407873	-96.7667
3409921	-96.3445
3411969	-93.4521
3414017	-96.334
3416065	-105.582
3418113	-101.556
3420161	-93.2337
3422209	-90.6921
3424257	-99.7243
3426305	-101.201
3428353	-86.715
3430401	-88.844
3432449	-93.5628
3434497	-90.674
3436545	-93.5683
3438593	-90.8538
3440641	-91.5264
3442689	-90.9975
3444737	-88.6767
3446785	-88.0128
3448833	-83.8243
3450881	-89.9678
3452929	-95.0847
3454977	-87.4523
3457025	-87.2348
3459073	-94.5034
3461121	-102.579
3463169	-82.4843
3465217	-95.6038
3467265	-93.3911
3469313	-95.4044
3471361	-95.5933
3473409	-95.1447
3475457	-87.5337
3477505	-91.9018
3479553	-92.6431
3481601	-93.9016
3483649	-93.9345
3485697	-86.6367
3487745	-88.6113
3489793	-90.6857
3491841	-100.601
3493889	-89.2708
3495937	-93.492
3497985	-90.1852
3500033	-91.6223
3502081	-92.4945
3504129	-86.2074
3506177	-98.6723
3508225	-95.5008
3510273	-98.2478
3512321	-91.2905
3514369	-94.9624
3516417	-92.4763
3518465	-88.0612
3520513	-92.9813
3522561	-86.7975
3524609	-84.0783
3526657	-101.628
3528705	-98.0345
3530753	-90.743
3532801	-93.8857
3534849	-94.0765
3536897	-98.4241
3538945	-93.1206
3540993	-93.7475
3543041	-87.232
3545089	-92.7466
3547137	-92.6256
3549185	-97.7993
3551233	-89.7694
3553281	-89.8962
3555329	-97.2462
3557377	-90.5588
3559425	-84.5994
3561473	-90.8845
3563521	-99.1651
3565569	-87.3527
3567617	-94.6215
3569665	-90.1659
3571713	-92.5476
3573761	-88.4655
3575809	-88.9509
3577857	-93.8454
3579905	-94.534
3581953	-86.0555
3584001	-101.672
3586049	-92.558
3588097	-91.7162
3590145	-94.3626
3592193	-104.161
3594241	-94.4253
3596289	-97.6128
3598337	-96.6438
3600385	-88.6903
3602433	-88.2481
3604481	-95.2105
3606529	-92.8598
3608577	-96.2102
3610625	-87.8011
3612673	-92.4533
3614721	-94.6595
3616769	-98.3963
3618817	-88.8409
3620865	-87.5698
3622913	-89.9341
3624961	-88.5348
3627009	-93.0202
3629057	-87.8508
3631105	-89.7474
3633153	-87.2088
3635201	-86.0516
3637249	-90.2855
3639297	-102.46
3641345	-93.5003
3643393	-87.8411
3645441	-91.6332
3647489	-80.7324
3649537	-96.721
3651585	-84.9971
3653633	-101.849
3655681	-88.8924
3657729	-84.5212
3659777	-97.5414
3661825	-92.4689
3663873	-99.1767
3665921	-90.4606
3667969	-86.5154
3670017	-92.8474
3672065	-95.7501
3674113	-91.6075
3676161	-89.9943
3678209	-93.1959
3680257	-90.0211
3682305	-93.0801
3684353	-87.2674
3686401	-87.5425
3688449	-93.638
3690497	-107.826
3692545	-89.1657
3694593	-88.715
3696641	-94.9426
3698689	-83.3148
3700737	-94.1475
3702785	-94.7856
3704833	-89.0141
3706881	-101.875
3708929	-91.0089
3710977	-91.7597
3713025	-85.7077
3715073	-87.893
3717121	-94.211
3719169	-94.0172
3721217	-95.0916
3723265	-80.7182
3725313	-94.5795
3727361	-92.3821
3729409	-94.6863
3731457	-97.5913
3733505	-89.0579
3735553	-93.4305
3737601	-85.9207
3739649	-95.3168
3741697	-93.8862
3743745	-95.5048
3745793	-92.272
3747841	-85.3111
3749889	-83.6503
3751937	-88.335
3753985	-84.2342
3756033	-86.2131
3758081	-104.09
3760129	-112.935
3762177	-85.5926
3764225	-90.0703
3766273	-82.7958
3768321	-94.0641
3770369	-103.991
3772417	-92.5119
3774465	-89.1842
3776513	-88.5644
3778561	-95.3447
3780609	-94.3849
3782657	-89.0655
3784705	-88.2065
3786753	-93.1592
3788801	-89.8991
3790849	-86.6894
3792897	-93.6919
3794945	-88.2028
3796993	-92.2342
3799041	-93.1072
3801089	-83.4555
3803137	-86.5294
3805185	-84.8871
3807233	-88.0249
3809281	-91.0307
3811329	-89.1656
3813377	-99.9007
3815425	-86.5021
3817473	-97.8733
3819521	-89.9554
3821569	-89.5042
3823617	-89.5112
3825665	-88.3875
3827713	-87.3475
3829761	-90.6903
3831809	-91.5717
3833857	-90.457
3835905	-82.1878
3837953	-94.5495
3840001	-87.3801
3842049	-84.8095
3844097	-95.6236
3846145	-91.6606
3848193	-94.6049
3850241	-91.0571
3852289	-88.6129
3854337	-86.7117
3856385	-102.331
3858433	-89.5153
3860481	-94.1572
3862529	-96.5573
3864577	-85.3278
3866625	-87.4193
3868673	-101.666
3870721	-94.1335
3872769	-84.1499
3874817	-88.7697
3876865	-84.7238
3878913	-99.4557
3880961	-97.8827
3883009	-87.9333
3885057	-94.3149
3887105	-91.3338
3889153	-84.1487
3891201	-80.3475
3893249	-90.8987
3895297	-90.1417
3897345	-87.2367
3899393	-88.6784
3901441	-79.9475
3903489	-90.6258
3905537	-95.5703
3907585	-88.512
3909633	-93.3046
3911681	-88.0144
3913729	-89.458
3915777	-91.415
3917825	-89.407
3919873	-86.116
3921921	-93.4444
3923969	-99.4095
3926017	-93.25
3928065	-81.93
3930113	-82.521
3932161	-93.5199
3934209	-88.8958
3936257	-101.952
3938305	-101.393
3940353	-100.643
3942401	-97.4686
3944449	-96.6441
3946497	-85.7082
3948545	-85.5677
3950593	-96.4674
3952641	-90.6912
3954689	-85.3446
3956737	-80.2364
3958785	-90.4987
3960833	-92.296
3962881	-91.2654
3964929	-90.7182
3966977	-111.067
3969025	-95.1443
3971073	-96.1429
3973121	-93.805
3975169	-89.4006
3977217	-84.8501
3979265	-92.8224
3981313	-86.5419
3983361	-84.3223
3985409	-94.2132
3987457	-83.7754
3989505	-91.6251
3991553	-89.95
3993601	-98.3442
3995649	-94.1412
3997697	-88.8197
3999745	-94.5386
4001793	-88.0801
4003841	-87.4633
4005889	-85.4013
4007937	-92.4238
4009985	-85.7866
4012033	-87.1434
4014081	-97.2491
4016129	-92.466
4018177	-100.87
4020225	-86.0368
4022273	-91.097
4024321	-87.3512
4026369	-90.7703
4028417	-90.0167
4030465	-99.2208
4032513	-99.2696
4034561	-96.7987
4036609	-106.276
4038657	-84.1828
4040705	-95.6392
4042753	-82.9845
4044801	-86.3531
4046849	-90.4683
4048897	-92.2221
4050945	-94.9181
4052993	-96.2367
4055041	-93.3156
4057089	-86.4414
4059137	-99.1077
4061185	-90.2749
4063233	-84.2519
4065281	-93.8726
4067329	-91.2564
4069377	-85.8308
4071425	-92.7996
4073473	-86.1112
4075521	-93.5574
4077569	-87.8664
4079617	-89.0431
4081665	-106.396
4083713	-92.5388
4085761	-100.366
4087809	-91.4605
4089857	-102.106
4091905	-91.1039
4093953	-92.4765
4096001	-85.9242
4098049	-91.0636
4100097	-95.2218
4102145	-89.5854
4104193	-91.5802
4106241	-78.9546
4108289	-93.8329
4110337	-96.1117
4112385	-83.2414
4114433	-96.0931
4116481	-91.5015
4118529	-96.5847
4120577	-84.7674
4122625	-85.6792
4124673	-104.641
4126721	-90.9193
4128769	-97.4497
4130817	-103.299
4132865	-94.9769
4134913	-93.3552
4136961	-96.6087
4139009	-87.0919
4141057	-95.7372
4143105	-105.098
4145153	-91.8612
4147201	-100.079
4149249	-99.8138
4151297	-91.6093
4153345	-88.2129
4155393	-87.5724
4157441	-91.3151
4159489	-81.1718
4161537	-95.9571
4163585	-88.2235
4165633	-82.4841
4167681	-90.9107
4169729	-95.1288
4171777	-96.2092
4173825	-90.5261
4175873	-92.3197
4177921	-86.1819
4179969	-89.2726
4182017	-87.0933
4184065	-111.208
4186113	-106.964
4188161	-94.5728
4190209	-90.9537
4192257	-88.6432
4194305	-87.7147
4196353	-76.5751
4198401	-91.0293
4200449	-80.1473
4202497	-93.8936
4204545	-88.349
4206593	-89.3428
4208641	-89.339
4210689	-91.8305
4212737	-100.111
4214785	-85.2615
4216833	-87.3183
4218881	-88.3871
4220929	-87.1096
4222977	-91.2464
4225025	-85.7786
4227073	-80.4578
4229121	-90.6305
4231169	-92.2302
4233217	-93.0525
4235265	-98.5525
4237313	-90.5387
4239361	-80.1102
4241409	-86.3592
4243457	-97.6347
4245505	-90.9298
4247553	-92.5512
4249601	-95.9887
4251649	-90.2566
4253697	-92.6822
4255745	-92.3506
4257793	-97.2161
4259841	-91.4856
4261889	-109.407
4263937	-85.004
4265985	-95.3274
4268033	-97.9737
4270081	-90.2334
4272129	-83.327
4274177	-80.8
4276225	-93.7881
4278273	-96.7052
4280321	-95.2398
4282369	-95.0387
4284417	-89.9432
4286465	-99.8573
4288513	-92.7704
4290561	-93.7854
4292609	-92.4777
4294657	-89.132
4296705	-89.7629
4298753	-95.6478
4300801	-93.0848
4302849	-88.8714
4304897	-98.2792
4306945	-99.524
4308993	-105.373
4311041	-94.6966
4313089	-92.3957
4315137	-92.9847
4317185	-93.0143
4319233	-87.6908
4321281	-99.2569
4323329	-86.3403
4325377	-90.1545
4327425	-104.71
4329473	-90.5782
4331521	-91.9334
4333569	-87.961
4335617	-87.4208
4337665	-85.1794
4339713	-81.7901
4341761	-81.2622
4343809	-85.0463
4345857	-83.3987
4347905	-96.9235
4349953	-85.4711
4352001	-86.8993
4354049	-82.2069
4356097	-97.4319
4358145	-88.1344
4360193	-90.4925
4362241	-82.7354
4364289	-92.0959
4366337	-92.4195
4368385	-82.925
4370433	-96.1976
4372481	-87.2825
4374529	-95.8492
4376577	-83.3753
4378625	-84.4614
4380673	-81.9907
4382721	-75.9904
4384769	-84.7054
4386817	-88.0619
4388865	-91.3158
4390913	-105.816
4392961	-96.166
4395009	-98.2937
4397057	-90.4347
4399105	-87.8771
4401153	-102.319
4403201	-96.7085
4405249	-88.6464
4407297	-82.8839
4409345	-97.1105
4411393	-96.7578
4413441	-89.5462
4415489	-85.2151
4417537	-83.8283
4419585	-82.2601
4421633	-91.7141
4423681	-107.116
4425729	-92.1865
4427777	-83.666
4429825	-84.4597
4431873	-92.232
4433921	-97.6105
4435969	-86.9467
4438017	-94.8742
4440065	-88.4728
4442113	-82.9551
4444161	-87.6664
4446209	-88.4511
4448257	-93.2837
4450305	-82.8458
4452353	-98.3712
4454401	-91.7168
4456449	-100.802
4458497	-93.9361
4460545	-97.9653
4462593	-99.4912
4464641	-96.7526
4466689	-83.4354
4468737	-84.6768
4470785	-83.663
4472833	-87.2531
4474881	-93.5519
4476929	-95.724
4478977	-90.7122
4481025	-83.6508
4483073	-92.2581
4485121	-92.3605
4487169	-96.208
4489217	-90.5551
4491265	-94.2052
4493313	-91.5596
4495361	-92.6772
4497409	-86.4787
4499457	-84.7093
4501505	-90.9089
4503553	-82.8006
4505601	-97.2401
4507649	-91.5644
4509697	-99.9046
4511745	-92.5752
4513793	-91.5858
4515841	-86.6326
4517889	-93.6454
4519937	-76.8909
4521985	-85.5799
4524033	-93.4936
4526081	-89.8548
4528129	-96.8502
4530177	-101.408
4532225	-91.3189
4534273	-87.5747
4536321	-92.0731
4538369	-95.9028
4540417	-83.5676
4542465	-85.7418
4544513	-91.1838
4546561	-91.3474
4548609	-102.164
4550657	-98.531
4552705	-91.6418
4554753	-91.7439
4556801	-95.5487
4558849	-98.2845
4560897	-97.165
4562945	-90.235
4564993	-100.033
4567041	-83.2331
4569089	-95.0572
4571137	-89.4048
4573185	-95.6794
4575233	-90.2327
4577281	-98.1183
4579329	-90.3792
4581377	-84.9512
4583425	-88.518
4585473	-100.903
4587521	-94.8838
4589569	-95.0899
4591617	-86.0287
4593665	-88.3435
4595713	-86.4145
4597761	-89.1283
4599809	-93.4096
4601857	-108.812
4603905	-100.28
4605953	-82.2183
4608001	-86.6956
4610049	-86.5616
4612097	-92.7355
4614145	-92.7079
4616193	-86.5201
4618241	-91.2963
4620289	-84.4975
4622337	-91.3283
4624385	-90.0165
4626433	-84.4166
4628481	-94.9085
4630529	-85.3769
4632577	-87.7327
4634625	-94.6092
4636673	-98.6313
4638721	-96.5602
4640769	-101.497
4642817	-96.5726
4644865	-90.9302
4646913	-104.727
4648961	-101.343
4651009	-90.2124
4653057	-91.3578
4655105	-88.9042
4657153	-99.6426
4659201	-82.8509
4661249	-87.8196
4663297	-89.322
4665345	-96.9768
4667393	-86.5299
4669441	-89.4581
4671489	-96.4442
4673537	-80.7857
4675585	-87.6702
4677633	-85.9519
4679681	-96.1588
4681729	-88.9141
4683777	-100.303
4685825	-93.3018
4687873	-93.5874
4689921	-94.3091
4691969	-95.3703
4694017	-86.5294
4696065	-85.6541
4698113	-92.3146
4700161	-91.9816
4702209	-84.186
4704257	-86.2022
4706305	-86.7502
4708353	-88.4494
4710401	-85.4951
4712449	-86.8186
4714497	-86.6251
4716545	-85.6069
4718593	-100.54
4720641	-89.2653
4722689	-88.0214
4724737	-91.2522
4726785	-86.3622
4728833	-91.9768
4730881	-79.8927
4732929	-94.0948
4734977	-82.6522
4737025	-102.282
4739073	-94.8677
4741121	-99.1264
4743169	-98.3765
4745217	-90.5639
4747265	-101.034
4749313	-89.0844
4751361	-94.6961
4753409	-99.7546
4755457	-82.4067
4757505	-88.805
4759553	-90.3255
4761601	-97.3578
4763649	-103.508
4765697	-85.0247
4767745	-91.3733
4769793	-97.0182
4771841	-93.7895
4773889	-85.5966
4775937	-90.8823
4777985	-83.1506
4780033	-91.2563
4782081	-82.0318
4784129	-79.1724
4786177	-106.138
4788225	-88.8341
4790273	-88.86
4792321	-83.0636
4794369	-87.4267
4796417	-87.3339
4798465	-94.0303
4800513	-92.7392
4802561	-90.2599
4804609	-84.5113
4806657	-89.4074
4808705	-91.4884
4810753	-101.148
4812801	-86.2126
4814849	-96.0381
4816897	-84.4132
4818945	-88.9433
4820993	-89.632
4823041	-81.704
4825089	-91.5568
4827137	-90.0515
4829185	-80.7734
4831233	-95.2826
4833281	-92.1659
4835329	-80.8761
4837377	-81.4143
4839425	-91.8079
4841473	-86.9237
4843521	-87.1843
4845569	-90.7076
4847617	-97.4845
4849665	-86.5893
4851713	-85.078
4853761	-89.3162
4855809	-83.9534
4857857	-77.5862
4859905	-85.302
4861953	-81.122
4864001	-108.591
4866049	-84.9579
4868097	-89.9112
4870145	-86.3193
4872193	-86.5649
4874241	-97.7334
4876289	-90.24
4878337	-87.7437
4880385	-92.0005
4882433	-91.0467
4884481	-79.476
4886529	-97.3473
4888577	-104.744
4890625	-93.6188
4892673	-81.7311
4894721	-95.2469
4896769	-82.8418
4898817	-79.5212
4900865	-82.6211
4902913	-83.8724
4904961	-84.1879
4907009	-82.2387
4909057	-93.8302
4911105	-88.6215
4913153	-85.6809
4915201	-89.4299
4917249	-86.2496
4919297	-94.2851
4921345	-84.4283
4923393	-88.5553
4925441	-88.1283
4927489	-87.7481
4929537	-91.2467
4931585	-90.9611
4933633	-84.5481
4935681	-94.7781
4937729	-82.6849
4939777	-78.06
4941825	-90.9529
4943873	-83.2992
4945921	-88.958
4947969	-79.675
4950017	-91.9315
4952065	-87.6251
4954113	-90.5646
4956161	-84.9155
4958209	-85.5909
4960257	-82.8096
4962305	-97.4738
4964353	-80.3219
4966401	-86.531
4968449	-93.6704
4970497	-92.5287
4972545	-89.7652
4974593	-82.1039
4976641	-90.4179
4978689	-85.8525
4980737	-91.4767
4982785	-90.4755
4984833	-98.0073
4986881	-91.0805
4988929	-101.359
4990977	-109.754
4993025	-98.1037
4995073	-90.657
4997121	-92.2085
4999169	-87.8191
5001217	-88.6247
5003265	-90.2304
5005313	-92.8461
5007361	-93.3126
5009409	-97.2218
5011457	-91.6723
5013505	-101.113
5015553	-93.2816
5017601	-93.5732
5019649	-85.5563
5021697	-93.2022
5023745	-98.1159
5025793	-92.5087
5027841	-82.6223
5029889	-82.3029
5031937	-87.3216
5033985	-90.6594
5036033	-88.9172
5038081	-97.2953
5040129	-97.2209
5042177	-89.0432
5044225	-90.6929
5046273	-88.2928
5048321	-83.8954
5050369	-92.5469
5052417	-89.379
5054465	-93.8486
5056513	-92.2159
5058561	-81.5578
5060609	-96.3829
5062657	-90.5082
5064705	-83.9017
5066753	-89.3328
5068801	-81.9854
5070849	-84.8796
5072897	-94.0728
5074945	-88.7622
5076993	-78.764
5079041	-86.8327
5081089	-80.8974
5083137	-94.5618
5085185	-90.0093
5087233	-90.2678
5089281	-94.83
5091329	-82.8533
5093377	-96.8721
5095425	-90.0228
5097473	-90.2516
5099521	-92.0962
5101569	-97.3856
5103617	-96.3373
5105665	-98.7168
5107713	-87.0474
5109761	-85.0599
5111809	-86.3619
5113857	-89.8052
5115905	-84.4826
5117953	-90.7833
5120001	-88.9175
5122049	-84.1661
5124097	-91.9152
5126145	-88.2908
5128193	-87.8709
5130241	-82.1008
5132289	-96.7468
5134337	-91.0247
5136385	-92.3887
5138433	-95.2614
5140481	-92.7307
5142529	-102.104
5144577	-84.0025
5146625	-91.1256
5148673	-93.7519
5150721	-83.9504
5152769	-86.401
5154817	-88.427
5156865	-88.3121
5158913	-82.7139
5160961	-82.6375
5163009	-103.817
5165057	-79.1066
5167105	-97.19
5169153	-79.3517
5171201	-85.7268
5173249	-90.3216
5175297	-92.5251
5177345	-92.7471
5179393	-93.6667
5181441	-84.8497
5183489	-89.8088
5185537	-80.6155
5187585	-99.0067
5189633	-93.6394
5191681	-91.0876
5193729	-84.3612
5195777	-92.4121
5197825	-94.082
5199873	-87.1418
5201921	-93.8088
5203969	-90.7648
5206017	-96.9393
5208065	-85.6304
5210113	-89.1524
5212161	-87.6671
5214209	-90.4757
5216257	-95.7897
5218305	-81.4795
5220353	-87.7037
5222401	-92.872
5224449	-100.634
5226497	-85.306
5228545	-86.0795
5230593	-97.5636
5232641	-90.6325
5234689	-90.5502
5236737	-86.7689
5238785	-87.7333
5240833	-98.4756
5242881	-85.5896
5244929	-89.5099
5246977	-84.9619
5249025	-84.0971
5251073	-94.9173
5253121	-90.8277
5255169	-80.7983
5257217	-87.039
5259265	-92.3226
5261313	-88.7021
5263361	-79.3212
5265409	-94.1455
5267457	-86.7206
5269505	-92.214
5271553	-82.3988
5273601	-93.0216
5275649	-88.8934
5277697	-84.6454
5279745	-93.9886
5281793	-94.2334
5283841	-82.421
5285889	-85.3128
5287937	-77.5423
5289985	-80.4112
5292033	-83.3315
5294081	-81.6582
5296129	-81.9779
5298177	-85.797
5300225	-87.7747
5302273	-85.4486
5304321	-85.2616
5306369	-88.9778
5308417	-94.2524
5310465	-92.2252
5312513	-95.747
5314561	-84.9768
5316609	-84.8522
5318657	-96.778
5320705	-96.0914
5322753	-95.3921
5324801	-111.73
5326849	-86.5064
5328897	-82.5672
5330945	-84.6376
5332993	-82.0322
5335041	-86.922
5337089	-103.912
5339137	-85.5112
5341185	-91.3972
5343233	-90.8703
5345281	-88.9203
5347329	-96.5045
5349377	-105.53
5351425	-89.9352
5353473	-81.7212
5355521	-95.3089
5357569	-91.7066
5359617	-93.8615
5361665	-81.3814
5363713	-83.3295
5365761	-99.6226
5367809	-81.6951
5369857	-94.8193
5371905	-86.7142
5373953	-96.3082
5376001	-90.7599
5378049	-84.3581
5380097	-85.7611
5382145	-85.8575
5384193	-87.3359
5386241	-78.6186
5388289	-96.6091
5390337	-91.9337
5392385	-93.0743
5394433	-98.7537
5396481	-99.1979
5398529	-89.9746
5400577	-92.7606
5402625	-84.4398
5404673	-92.6477
5406721	-90.0681
5408769	-93.156
5410817	-89.7156
5412865	-92.3371
5414913	-89.7066
5416961	-93.6885
5419009	-94.196
5421057	-101.631
5423105	-88.2337
5425153	-89.9486
5427201	-88.4459
5429249	-94.1057
5431297	-92.9368
5433345	-93.7391
5435393	-99.7148
5437441	-91.9841
5439489	-93.1455
5441537	-93.7411
5443585	-100.204
5445633	-92.075
5447681	-101.447
5449729	-100.839
5451777	-95.6892
5453825	-94.62
5455873	-91.9583
5457921	-89.0394
5459969	-93.225
5462017	-93.7321
5464065	-91.5145
5466113	-82.4655
5468161	-94.9859
5470209	-82.1635
5472257	-91.5326
5474305	-89.8739
5476353	-91.0925
5478401	-99.2394
5480449	-96.9013
5482497	-90.0915
5484545	-95.071
5486593	-94.9009
5488641	-103.115
5490689	-99.2055
5492737	-88.7494
5494785	-99.4015
5496833	-95.0196
5498881	-87.5003
5500929	-92.1044
5502977	-95.6207
5505025	-91.2032
5507073	-87.0298
5509121	-98.7643
5511169	-97.0611
5513217	-100.716
5515265	-89.4981
5517313	-93.3544
5519361	-88.654
5521409	-91.2131
5523457	-90.7724
5525505	-90.4097
5527553	-97.0484
5529601	-93.0726
5531649	-98.1278
5533697	-86.4655
5535745	-92.8393
5537793	-86.7392
5539841	-84.0922
5541889	-99.4379
5543937	-92.4509
5545985	-92.887
5548033	-90.2037
5550081	-95.2638
5552129	-87.6657
5554177	-82.6712
5556225	-106.675
5558273	-94.0338
5560321	-80.9748
5562369	-91.8531
5564417	-92.5092
5566465	-94.3983
5568513	-87.3597
5570561	-91.751
5572609	-89.8851
5574657	-93.0433
5576705	-85.9994
5578753	-84.1008
5580801	-96.8194
5582849	-86.2069
5584897	-87.4299
5586945	-86.7391
5588993	-81.4745
5591041	-85.8842
5593089	-94.8751
5595137	-98.2888
5597185	-86.7091
5599233	-92.9608
5601281	-93.7231
5603329	-86.5397
5605377	-89.3609
5607425	-85.3367
5609473	-101.786
5611521	-96.663
5613569	-86.9638
5615617	-84.5001
5617665	-104.425
5619713	-86.3092
5621761	-89.0826
5623809	-89.7425
5625857	-90.0046
5627905	-99.6191
5629953	-94.4695
5632001	-90.9385
5634049	-87.8093
5636097	-96.7814
5638145	-87.9821
5640193	-89.4715
5642241	-98.9799
5644289	-94.9292
5646337	-91.4223
5648385	-82.7912
5650433	-94.0615
5652481	-91.1424
5654529	-84.3812
5656577	-80.9062
5658625	-96.6465
5660673	-86.722
5662721	-88.123
5664769	-93.212
5666817	-90.516
5668865	-88.2712
5670913	-93.074
5672961	-92.68
5675009	-89.6792
5677057	-99.3142
5679105	-94.0021
5681153	-86.3582
5683201	-89.3669
5685249	-96.1334
5687297	-93.1834
5689345	-89.1999
